2
15.0
-1.0
30.0
5
14.100000000000023
-0.8999999999999986
12.0
-31.0
64.10000000000002
10
2
-1.200000000000017
7.700000000000017
1
1.0
-15.900000000000006
1.0
3.0
8.600000000000023
1.4000000000000057
16.19999999999999
0.20000000000000284
59.0
59.0
63.099999999999994
39.099999999999994
41.099999999999994
7.1
27.0
-2.0
30.099999999999994
-9
5
-10.400000000000006
18.6
-10.400000000000006
4.6
-10.400000000000006
13.6
-29.400000000000006
10.6
-6.400000000000006
20.699999999999996
-9.400000000000006
1.199999999999994
3.999999999999993
-1.4000000000000004
-2.4000000000000057
0.6000000000000005
-3
17.0
10.0
41.0
1.0
53.0
10.0
62.0
42.0
60.0
31.0
58.0
32.0
61.0
16.0
45.0
30
48
42.400000000000006
49.0
34.0
49.5
42.5
58.400000000000006
6.0
43.0
7.0
38.0
7.0
39.0
7.0
27.0
6.0
35.0
7.0
27.0
6.0
26.0
8.0
37.0
5.0
44.0
41.0
81
57
96.0
55
98.0
53
96.0
32.0
83
34.0
83
55
96.0
55
95.0
55
94.0
2
15.0
-1.0
30.0
5
14.100000000000023
-8.899999999999999
24.0
15.099999999999994
53.10000000000002
32.49999999999998
45.70000000000002
37.70000000000002
65.6
3.5
28.599999999999994
28.0
48.0
-2.3999999999999773
18.599999999999994
-22
-2
-24
-0.700000000000017
-42.199999999999996
-16.299999999999983
-41.0
-33.0
-45.0
-35
-29
-30.0
-47.0
-31.400000000000006
-21.400000000000006
-22.400000000000006
-39.400000000000006
-28.400000000000006
-27.599999999999994
-27.400000000000006
-30.400000000000006
-17.400000000000006
-24.400000000000006
-7.400000000000006
-24.400000000000006
-0.4000000000000057
-26.400000000000006
-0.8000000000000114
-18.599999999999994
26.599999999999994
-29.199999999999996
18.0
-19.2
13.0
-27.200000000000003
10.400000000000006
-20.6
6.400000000000006
-12.0
47.400000000000006
13.4
48.400000000000006
-8.6
34.400000000000006
-7.6
32.5
9.099999999999994
32.69999999999999
20.299999999999997
40
10
42.400000000000006
19.599999999999998
32.599999999999994
8.5
37.5
7.5
31.0
23.599999999999998
47.0
3
13.0
-8.0
14.0
-9.0
-4.0
-12.0
-5.0
-35.0
-26.0
-29.0
-24.0
-29.0
-10.0
-29.0
-24.0
-23.0
-16.0
-20.0
-14.0
-22.0
-15.0
-21.0
-16.0
-8.0
2.0
-11.0
1.0
-23.0
-15.0
-11.0
1.0
-13
-9
-13.0
8.0
-32.0
-22.0
-25
-13.0
-26.0
-12.0
-16
-10.0
-17
-8.0
-23.0
12.0
-5
2
8
4.200000000000017
20.00000000000003
30.100000000000016
2.0
50.60000000000002
30.4
97.39999999999998
31.4
123.0
70.0
122.0
76.0
166.0
121.0
204.0
128.0
215.0
171.0
246.0
216.0
291.0
11
4
6.399999999999977
22.499999999999993
-17.0
-34.0
-47.0
-8
9.0
26
14
36.0
10.300000000000011
33.49999999999999
19.0
57.10000000000002
30.099999999999994
71.1
29.1
59.099999999999994
32.1
75.1
30.1
51.099999999999994
44.1
95
66
95
66.4
116.1
65.1
132.1
92.1
156.1
111.1
167.1
124.1
205.1
130.1
210.6
143.4
205.6
135.4
204.2
140.8
228.6
132.4
222.6
115.4
239.1
124.1
226.0
114.0
211
124
229.6
123.5
219.4
112.30000000000001
201.3
113.80000000000001
211.6
122.0
216.0
121.0
215.0
122.0
215.0
122.0
221.6
128.4
208.0
130.0
209.0
128.0
221.0
124.0
223.0
127.0
225.0
124.0
222.0
123.0
219.0
113.0
214.0
130.0
221.0
117.0
209.0
101.0
190.0
100.0
189.0
100.0
190.0
100.0
189.0
104.0
189.0
102.0
189.0
100.0
190.0
100.0
189.0
100.0
190.0
89.0
189.0
100.0
190.0
91.0
173.0
90.0
181.0
110.0
184.0
102.0
183.0
102.0
184.0
82.0
173
103.0
179.0
112
187.0
107
197.0
103
196.0
84.0
180
85.0
179
-42
-51
-33
-64
-43
-56
10
13
5
-3
4.900000000000006
-4.500000000000007
49.0
112.0
3
3
3
3
3
3
3
4
3
7
-81.0
-98.1
-78.1
-94.1
-86.0
-94.1
-84.0
-96.1
-84.0
-96.1
-81.0
-98.1
-81.0
-98.1
-82.0
-98.1
-85.0
-95.1
-79.1
-94.1
-77.1
-91.1
-6.0
36.0
-8.0
30.0
5
4
5.0
5.0
-9.0
-1.0
-25.0
1.0
2
7
6
18.0
-7.599999999999994
9.600000000000001
7.599999999999994
5.600000000000001
-9.0
14.0
-74
-100.0
-74
-100.0
-74
-98
-81
-83
-76
-79
60.900000000000006
11.099999999999994
36.89999999999997
1.0
146.6
187.4
133.0
-10.700000000000012
43.5
-19.900000000000013
37.099999999999994
-19.900000000000013
37.099999999999994
1.4000000000000057
17.6
-30.599999999999994
-20.100000000000023
67.0
55.0
67.0
55.0
-161
-164
-126
-126
-121
-133
-112
-128.4
-30.899999999999977
135.0
169.0
103.0
157.0
48.5
85.6
48.60000000000002
76.39999999999995
47.60000000000002
82.70000000000002
-39.0
-59.0
-29
-60.400000000000006
-28
-57
-41.0
-1.5
49.49999999999999
-9.400000000000006
-30.899999999999977
134.0
-1.0
-12.0
30.0
-5.0
32.0
11
4
0
17.600000000000023
2.4000000000000057
44.0
8.0
67.0
12.0
58.0
-44.60000000000002
-22.0
-28.0
-18.0
-30.0
6.0
-24.600000000000023
-7.300000000000011
-40.60000000000002
5.499999999999993
-20.5
0.4999999999999929
-27.399999999999977
-0.8000000000000043
-31.0
-27.80000000000001
-34.39999999999998
-16.5
-65.10000000000002
-85.10000000000002
-114.1
-91.10000000000002
-105.69999999999999
-77.50000000000003
-102.5
-88.5
-108.5
-102.5
-121.5
-112.0
-115.4
-95.4
-136.4
-138.39999999999998
-126.4
-119.39999999999998
-95.0
-89.0
-133.8
-138.0
-130.9
-155.9
-145.4
-153.39999999999998
-126.4
-154.39999999999998
-129.4
-141.39999999999998
-116.4
-143.0
-156.3
-226.29999999999998
-163.9
-219.9
-170.9
-228.9
-147.9
-234.79999999999998
-161.9
-228.89999999999998
-147.9
-225.89999999999998
-165.9
-227.89999999999998
-158.9
-20.100000000000023
184.60000000000002
85.0
53.39999999999998
102.0
98.0
56.0
85.4
80.0
113.99999999999997
120.0
92.1
14.0
1.9000000000000057
13.600000000000023
119.20000000000002
-1.5
49.49999999999999
-9.400000000000006
78.0
90.0
68.5
84.0
62.49999999999997
8.0
105.0
147.0
39.0
143.0
8
4.200000000000017
20.00000000000003
30.100000000000016
-7.999999999999977
24.899999999999977
9.9
39.499999999999964
5.9
23.5
7.5
41.49999999999999
-22.399999999999977
19
-1
30.0
-4
29
-5
29
-2
52.0
26.899999999999977
85.9
62.89999999999998
100.9
79.89999999999998
121.5
61.89999999999998
86.9
55.0
94.0
56.0
96.0
68.0
136.0
87.0
152.0
110.0
172.0
161.0
228.0
180.0
242.0
197.79999999999998
257.2
219.79999999999998
281.2
209.79999999999998
296.6
217
291.6
216
290.0
206.39999999999998
277.1
4
10
-1
22.100000000000023
-10.900000000000006
26.100000000000023
-11.9
41.10000000000002
-8.299999999999978
19.700000000000017
-6.299999999999978
22.700000000000017
0.7000000000000224
24.099999999999994
-21.199999999999953
20.900000000000063
13.900000000000018
50.70000000000002
58.49999999999997
71.70000000000002
63.49999999999997
101.70000000000002
87.1
102.0
92.0
131.0
98.10000000000002
165.1
102.1
149.2
5.0
-5
49.5
77.5
-1.0
8
4.200000000000017
20.00000000000003
30.100000000000016
11.000000000000023
12.599999999999994
12.899999999999977
26.9
6.0
35.0
-7.0
14.899999999999977
-3.0
25.0
-1.0
14.0
-44.0
15.0
-6.0
106.0
47.0
85.0
46.400000000000006
91.0
79.0
98.0
57.0
112.0
71.0
113.0
149.0
153.0
160.89999999999998
163.0
163.0
164.0
118.89999999999998
111.9
103.89999999999998
111.9
122.89999999999998
96.9
86.9
161.9
166.89999999999998
193.9
166.89999999999998
198.9
164.89999999999998
210.9
180.3
257.6
168.0
255.0
164.0
257.0
175.0
258.0
174.0
257.0
173.0
267.0
159.0
261.0
170.0
254.0
174.0
272.0
11
4
7.0
24.599999999999994
66.60000000000002
122.6
88.70000000000002
138.10000000000002
82.0
138.60000000000002
85.4
143.0
86.0
163.0
120.0
172.0
137.6
196.5
172.70000000000002
214.1
184.09999999999997
215.1
202.1
257.6
189.6
328.5
231.1
340.0
260.4
346.6
271.0
353.0
282.0
352.0
283.6
358.4
276.6
373.4
2
8
4.200000000000017
8
4.200000000000017
12.000000000000028
14.099999999999994
2.000000000000023
15.599999999999994
0.8999999999999773
25.900000000000006
-11.100000000000023
29.900000000000006
-21.100000000000023
24.899999999999977
-7.100000000000023
32.900000000000006
-13.30000000000004
29.900000000000006
-69.10000000000002
-47.0
-40.0
-43.0
-47.10000000000002
-13.199999999999989
3.8000000000000114
59.900000000000006
50.89999999999998
83.9
69.89999999999998
84.0
96.0
141
125.0
158.0
145.0
152.0
120
141
122.0
204
147
206.4
149.6
225.4
159
236.0
149.0
234.0
153.0
227.0
157.0
240.0
170
234.6
172.3
246
173.0
249.6
164.4
232.0
174.0
244.0
160.0
228.0
171.6
236.0
187.0
244.0
170.0
238.0
169.4
240.6
171
254.0
166.0
252.0
159.9
239.9
157.9
247.9
-47.0
-89
-12.0
58.89999999999998
62.9
78.0
82.0
64.0
15.0
45.0
8
7
2
13
2
11
2
13
2
13
2
2
-61
-77.0
-118
-79.0
-117
-60
-119
-60
-119
-60
-119
3
0
3
0
-44
-58
-80
-116
-80
-116
21.0
76.0
-76
-120
-83
-116
-85
-118
-82
-118
-85
-115
-84
-119
-77
-126
-96.0
-109.0
-74
-129
-95.0
-65
-76.0
-122
-60
-122
-64
-117
-66
-118
-64
-119
-64
-120
-67
-116
-67
-120
-79.0
-68
-109
5
4
2
4.199999999999989
5
2
7
0
25.0
1
8
-66
-118
-62
-119
-64
-120
-65
-116
-64
-120
-67
-114
-64
-120
-64
-120
-64
-119
-66
-118
-62
-119
-64
-120
-66
-118
-62
-119
-66
-118
-62
-119
-66
-118
-62
-119
-66
-118
-79
-124
5
4
-72
-131
-69
-131
-42.0
-67
-36
-64
-53.0
-48.0
-32.0
-63
-53.0
-48.0
-6.0
0
5
4
11.0
19.6
-3.5999999999999943
11.6
2.0
21.0
-72
4
10
-1
22.100000000000023
-10.900000000000006
26.100000000000023
-11.9
41.10000000000002
-8.299999999999978
19.700000000000017
-6.299999999999978
22.700000000000017
0.7000000000000224
24.099999999999994
-21.199999999999953
20.900000000000063
2.9000000000000163
39.80000000000007
16.900000000000027
48.70000000000002
71.70000000000002
87.60000000000002
63.70000000000002
90.60000000000002
92.6
122.60000000000002
78.6
97.20000000000002
83.70000000000002
98.30000000000001
62.200000000000024
82.20000000000002
88.30000000000004
158.29999999999998
2.4000000000000057
17.6
-29.599999999999994
-13.300000000000011
45.099999999999994
-25.30000000000001
4.699999999999989
-72
-131
-72
-79
-72
-131
-69
-131
-42.0
-48.0
-36
5
4
-79
-121.0
-79
-121.0
-72
-131
5
4
0.4000000000000057
18.5
-3.0999999999999943
-3.0000000000000053
-7.899999999999993
23.9
-8.5
1.9000000000000004
-12.099999999999994
12.9
-8.0
2.9000000000000004
10.300000000000011
18.9
-75
-125
-73
-127
-75
-75
-75
-125
5
4
-75
-125
2
7
-73
-127
-73
-127
-73
-127
5
-9.399999999999999
7.0
-21.400000000000006
-8.0
11.0
-12.0
-42.0
-14.0
-26.0
-13.0
-41.0
-17.599999999999994
-76.4
-22.0
-21.0
-21.599999999999994
-51.400000000000006
-22.0
-65.0
-32.0
-72.0
-120.0
-152.0
-116.0
-168.0
-122.0
-175.0
-91.0
-193
-127.4
-197.4
-157.0
-208
-72
-133
-67
-133
-69
-135
-83.0
-72
-72
-133
-69
-131
-69
-135
-83.0
5
-1
1
-3
-1.0
-13.0
-9.099999999999994
-14.100000000000001
-12.099999999999994
-34.099999999999994
-13.0
-37.0
-6.099999999999994
-44.099999999999994
-5.099999999999994
-85.1
-8.699999999999989
-44.099999999999994
-5.099999999999994
-41.49999999999999
-73
-130
-80
-123
5
-4
13.0
-24.0
1.5999999999999943
-27.6
-6.0
9.0
-54.0
-11
5
4
11.0
-24.0
-75.0
-107.0
-84.0
-109.0
5
-2
13.0
-11.100000000000001
2.0
-13.099999999999994
-6.0
-40.0
7.599999999999994
84.0
-72
-133
-85.0
-135
-83.0
-42.0
-133
-67
-114.0
-40.0
-134
-71
-110.0
-45.0
-129
-71
-110.0
-42.0
-132
5
-2
9.0
-14.400000000000006
0.0
-8.0
-8.0
16.0
-15.599999999999994
-18.0
-11.300000000000011
-10.70000000000001
-22.400000000000006
3.5999999999999943
-31.0
7.0
-27.0
-34.0
-45.599999999999994
-48.400000000000006
-29.400000000000006
-61.400000000000006
-46.900000000000006
-57.9
-37.30000000000001
-65.30000000000001
-41.20000000000002
-71.20000000000002
-59.199999999999996
-95.0
-72.0
-108.0
-81.0
-103
-76.0
-100
-77
-100.0
-73.0
-95.0
-74.0
-114.6
-148
-214
-156
-221
-161
-225
-172
-237
-181
-265
-192.0
-266
-185.0
-258
-190.0
11
-6
5
-1
3.4000000000000057
-12.399999999999999
4.5
-16.4
-77.69999999999999
-112.5
-92.0
-104.0
-81.0
-106.0
-85.6
-112.5
-85.1
-112.0
-91.6
-118.4
-113.0
-142.8
-104.4
-150.4
-106.5
-149.2
-110.6
-157.3
-118.30000000000001
-159.3
-119.10000000000002
-163.8
-113.20000000000002
-171.20000000000002
-125.0
-188.6
-124.5
-189.2
-146.6
-209
-150
-211
-147
-216
-144
-215
-112.0
-213
-113.0
0
-2
16
-12
0.4000000000000057
-13.399999999999999
-0.5999999999999943
2
7
6
5
8
7
3
7
-1
-3
0
-5
2.5999999999999943
-11
-10
-15.599999999999994
-8.79999999999999
-19.4
-31.6
-30.599999999999994
-46.00000000000001
-17.199999999999996
-21.000000000000007
-21.199999999999996
-21.000000000000007
-26.6
-23.400000000000006
-29.6
-17.000000000000007
-3.699999999999994
-16.000000000000007
-1.5999999999999872
-13.600000000000005
-5.599999999999987
-9.600000000000005
-17.800000000000004
-18.6
-30.4
8
1
2
-15.0
-28
-32
-29
-34
-35
-31.799999999999983
-28.200000000000024
-28.799999999999983
-47
-38.10000000000002
-40.6
-28.399999999999977
-43.6
-29.399999999999977
-53.1
-42.10000000000005
-40.699999999999996
-43.10000000000005
-59.59999999999998
-72.80000000000004
-76.1
-83.10000000000002
-75.30000000000001
-94.79999999999998
-94.0
-107.0
-118.0
-105.39999999999998
-101.4
-121.20000000000005
-128.4
-151.5
-119.70000000000002
-199.79999999999995
-195.8
-216.79999999999995
-198.7
-144.29999999999998
-123.4
-184.29999999999995
-201.29999999999998
-208.9
-207.89999999999998
-212.00000000000003
-233.49999999999997
-296.29999999999995
-226.0
-199.39999999999998
-193.0
-191.79999999999995
-216.7
-266.5
-236.5
-261.5
-217.1
-268.4
-258.0
-317.79999999999995
-284.8
-350.4
-251.0
-391.0
-354.6
-410.0
4
3
2.3999999999999773
8.0
14
20.0
15.0
5.0
20.899999999999977
1.8999999999999773
27.899999999999977
-4.100000000000023
22.399999999999977
39.0
50.0
42.0
44
48.1
50.0
50.99999999999998
44.0
41.99999999999998
44.400000000000034
45.1
39.0
26.99999999999995
-35.0
-61.300000000000004
-47.0
-87.00000000000003
-88.0
-110.00000000000003
-67.0
-92.60000000000005
-99.49999999999997
-138.3
-109.89999999999995
-143.0
-85.79999999999995
-133.79999999999998
-109.79999999999995
-147.79999999999998
-119.89999999999998
-182.9
-125.89999999999998
-181.9
-119.89999999999998
-187.9
-156.9
-203.9
-144.3
11
-8
10.0
-9.0
23.600000000000023
-25.0
-2.3999999999999773
-60.39999999999998
-2.3999999999999773
-19.399999999999977
-23.0
41.0
135.6
-7.300000000000004
29.6
-7.0
24.0
52.0
-12.599999999999994
152.0
24.400000000000006
82.00000000000006
95.20000000000002
75.19999999999999
96.80000000000001
62.60000000000002
32.799999999999955
2
-6
7.0
-28.400000000000006
5.0
-38.400000000000006
-12.0
-51.0
-14.0
-37.599999999999994
-23.79999999999999
-41.599999999999994
-30.6
-59.599999999999994
-35.0
-56.400000000000006
-61.5
-90.0
-61.0
-104.0
-64.0
-114.0
-53.0
-113.1
-53.099999999999994
-129.1
-89.0
-130.0
-37.599999999999994
-72.4
-42.599999999999994
-65.4
-49.599999999999994
-68.4
-45.599999999999994
-56
-36
-57
-35
-49.0
-27.0
-109.0
-83.0
-64.6
-54.0
-67.0
-58.400000000000006
-81.4
5
-3
10.0
-21.0
-4.0
-24.0
-10.0
-40.0
-94.0
-113.0
-90.0
-118
-91.0
-115.0
-96.0
-117.1
-96.4
-131.6
-98.1
-134.1
-102
-124
-97.4
-131.4
-110.0
-138
-94.1
-129.1
-104.0
-136.4
-105.0
-132
-84.0
-116
-76
-116
-87.4
-120.6
-104
-132
-91.69999999999999
-132.5
-106
-147.4
-121.6
-152.4
-131.6
-137.4
-130.6
-140.4
-113.0
-158.0
-132.0
-164
-117
-156
-110.9
-156.9
-114.9
-159.9
-117.9
-159.9
-122.9
-165.9
-129.9
-172.9
-138.9
-181.9
-150.9
-212.9
-157.9
-214.9
-133.0
-220.0
-151.0
-221.0
-151
-233
-169.0
-238
-170.0
-238
-42.0
17.299999999999955
11
6
6.999999999999972
13.600000000000023
-3.0
2.0
12.0
3.0
37.10000000000002
83.1
23.399999999999977
76.4
23.399999999999977
76.4
37.10000000000002
83.1
29.399999999999977
6.600000000000001
26.5
64.7
42.0
58.00000000000001
2
-4
4
-9
1
-11
-8
-1.0
-13.199999999999996
-3.5999999999999943
-10.199999999999994
-8.300000000000011
1.1000000000000014
-43.599999999999994
-108.1
-132.1
-98.0
-119.0
-86.0
-121.0
-98.0
-124
-97.0
-126.0
-101.0
-130.0
-101.4
-9.599999999999994
33.79999999999999
-33.0
-62.0
-33.0
-62.0
-34.0
1.0
13.600000000000023
-1.7000000000000028
37.599999999999994
135.6
-7.0
146.6
192.0
120.6
-28.0
15.0
11
-6.4
17.600000000000023
-18.4
5.600000000000023
14.499999999999998
19.5
-10.499999999999995
15.5
21.099999999999994
4.5
18.099999999999987
-9.100000000000023
22.19999999999999
3.6000000000000227
23.599999999999994
-1.9999999999999716
46.099999999999994
20.100000000000023
34.99999999999997
13.399999999999977
30.599999999999994
19.100000000000023
41.099999999999994
-26.100000000000023
107.0
40.89999999999998
92.9
4
4
5
6
12
12
3
13
2
16
5
22.0
7.0
26.0
2.0
26.0
0.39999999999997726
13.600000000000023
-12.0
-35.0
54.5
30.5
-1.1000000000000227
10.5
-14.399999999999977
-7.400000000000006
10.600000000000023
-33.400000000000006
-32.39999999999998
-23.400000000000006
-33.39999999999998
8.700000000000017
7.7000000000000455
3.6000000000000156
13.600000000000001
13.600000000000023
-11.900000000000006
-16.89999999999995
-48.5
-46.80000000000001
-32.799999999999955
-58.69999999999999
-47.399999999999956
-52.30000000000001
-46.700000000000024
-40.099999999999966
-34.80000000000007
-65.79999999999995
-47.80000000000007
-63.799999999999955
-41.700000000000045
-59.59999999999994
-40.60000000000005
-114.59999999999994
-120.00000000000003
-184.79999999999995
-125.4
-195.39999999999998
-135.6
-188.99999999999997
-88.1
-171.89999999999998
-154.5
-212.29999999999995
-159.6
-219.5
2
-6
2
51.60000000000002
68.20000000000005
46.8
59.200000000000045
37.10000000000002
83.1
23.399999999999977
76.4
29.399999999999977
6.600000000000001
35.599999999999994
63.50000000000002
66.89999999999998
63.50000000000002
-34.0
-2.4000000000000004
4.0
-10
1.0
-9.400000000000006
-46.599999999999994
-16.0
1.0
5.0
44.400000000000006
57.0
1.0
10.399999999999999
-5.199999999999989
10.399999999999999
-5.199999999999989
9.399999999999999
15.800000000000011
35.0
37.1
78.60000000000002
83.80000000000001
75.19999999999999
96.80000000000001
62.60000000000002
99.39999999999998
56.4
70.89999999999998
43.9
61.39999999999998
51.4
1
-5
84.0
53.39999999999998
79.0
5
-3
11
-6.4
47.0
-26.0
-51.0
-82.0
-50.599999999999994
-82.79999999999995
-66.60000000000002
-111.39999999999998
-68.00000000000003
-101.0
-80.39999999999998
-88.39999999999998
-84.39999999999998
-115.39999999999998
-72.39999999999998
-100.39999999999998
-55.60000000000002
-116.79999999999998
-85.39999999999998
-98.0
-110.0
26.299999999999955
18.300000000000004
-16.299999999999955
68.60000000000002
-12.0
79.0
-9.400000000000006
15.0
6.0
-49.0
-88.0
-63.0
-78.0
-46
-112
-313
-468
-336
-470
-320
-484
-338.0
-478
-339.0
-313
-391
-313
-391
-282
-401
-247.0
-404
-313
-467
-354.0
-469
-339
-465
-333
-471
-327
-480
-336.0
-480
-346.0
-479
-338.0
-313
-391
-298.0
-400
-292
-404
-290
-405
-292
-402
-302.0
5
-1
9.400000000000006
-21.400000000000006
2.0
-26.4
0.0
5
-2
9.0
-21.0
-1.0
-13.0
-9.0
10.0
-54.0
-118.0
-98.5
-139.5
-113.4
-137.6
-111.0
-154
-115.4
-158.1
-133.0
-173.9
-123.30000000000001
-177.4
-137.0
-179
-146.8
-184.0
-132.6
-198.4
-153.0
-208
11
-8
5
-9.399999999999999
5
-1
9.400000000000006
-24.400000000000006
11
-5
5
-4
14.900000000000006
-10.100000000000001
2
6.599999999999994
48.5
35.9
19.599999999999994
11.699999999999989
6.599999999999994
1.5
55.400000000000006
8.599999999999994
29.400000000000006
10.0
26.0
36.0
29.400000000000006
10.0
26.0
7.0
11.299999999999997
8.399999999999999
8.299999999999997
-18.19999999999999
6.200000000000004
-36.599999999999994
-31.49999999999998
-97.60000000000002
119.60000000000002
68.4
64.20000000000005
43.00000000000001
24.5
34.29999999999998
54.29999999999998
46.5
7.50000000000005
-12.500000000000028
32.10000000000002
5.600000000000023
-15.400000000000006
-53.69999999999999
-104.5
-4.399999999999977
-16.299999999999983
-1.8000000000000114
8
0
8.0
-13.0
-33.60000000000002
-63.400000000000006
-27.600000000000023
-61.400000000000006
-62.39999999999998
-77.4
-18.0
-75.0
-63.10000000000002
-112.20000000000002
-28.0
6.0
11
1
11
-6.4
47.0
4.0
58.0
-1.0
-16.0
11
2
13.600000000000023
-12.400000000000006
26.600000000000023
21.599999999999994
-14.399999999999977
-37.400000000000006
5.600000000000023
-32.400000000000006
2.8999999999999773
-30.099999999999994
-72.39999999999998
8
-5
13.0
-9.799999999999983
18.00000000000003
-16.799999999999983
7.799999999999978
-30.00000000000003
-12.999999999999977
11
-5
23.600000000000023
14.600000000000023
77.60000000000002
13.600000000000001
10.0
11
-8
22.0
-17.0
19.0
17.0
-4.0
5.0
5.0
5.0
5.0
5.0
5.0
5.0
5.0
5.0
-42.0
6.0
-41.0
5.0
-60.39999999999998
-38.0
-74.0
-83.0
-103.0
11
-6
13.399999999999977
20.499999999999993
11
-2
16.0
-12.399999999999977
17.600000000000023
20.600000000000023
11
-6
16.0
-17.100000000000023
15.299999999999955
-63.50000000000003
-0.7000000000000455
-25.60000000000005
17.299999999999955
11
-5
23.600000000000023
-21.399999999999977
26.600000000000023
-21.399999999999977
16.0
11
4
7.0
1.5999999999999996
34.39999999999998
-12.399999999999999
-2.0
11
2
13.600000000000023
-7.400000000000006
12.600000000000023
-2.299999999999983
16.100000000000023
36.99999999999999
11
-4
11
-12.399999999999977
17.399999999999977
9.600000000000023
65.39999999999998
17.600000000000023
60.39999999999998
30.0
7.0
11
-6
12
2
17.399999999999977
-5.499999999999972
15.5
-20.49999999999997
11
4
6.399999999999977
-6.400000000000006
11.600000000000023
27.499999999999993
11
-11.100000000000023
13.899999999999977
9.499999999999972
2.6000000000000227
4.599999999999994
6.600000000000023
-5.400000000000006
11
2
13.600000000000023
-8.400000000000006
11
-5
13.399999999999977
-22.400000000000006
13.399999999999977
10.600000000000001
4.0
11
-5
23.600000000000023
-22.399999999999977
27.600000000000023
10.600000000000023
7.0
11
-8
13.0
12.599999999999994
11
-6
13.399999999999977
20.499999999999993
11
-4
15.0
0.0
14.399999999999977
18.499999999999993
17.0
19.599999999999994
-2.0
9.599999999999994
-10.700000000000045
11
-5
13.399999999999977
-5.400000000000006
16.600000000000023
18.6
6.0
11
2
13.600000000000023
-14.400000000000006
11
2
13.600000000000023
26.499999999999993
11
-8
22.0
-19.399999999999977
18.600000000000023
-8.399999999999977
11.5
1.5000000000000284
19.5
11
-8
19.0
-34.0
13.0
22.100000000000023
48.099999999999994
32.0
87.0
37.599999999999994
71.5
40.70000000000002
70.1
11
-13.0
18.0
-17.400000000000006
11
-8
19.0
-17.0
28.0
-23.399999999999977
14.0
11
-5
13.399999999999977
-12.400000000000006
11
2
11
1
13.0
18.0
65.0
19.0
62.89999999999998
28.0
1.0
11
-2
16.0
-12.399999999999977
17.600000000000023
-23.399999999999977
11.0
11
-5
23.600000000000023
-21.399999999999977
26.600000000000023
-15.499999999999972
46.89999999999998
87.9
11
-8
22.0
13.0
76.0
10.9
3.0
11
-2
7.0
-9.100000000000023
19.899999999999977
-30.100000000000023
-8.100000000000023
-46.10000000000002
11
-2
16.0
-18.0
19.0
37.0
-16.0
-30.0
-37.0
-41.0
-25.0
-101.0
-122.0
-173.10000000000002
-119.10000000000002
-198.1
-198.1
-136.1
11
1
12.899999999999977
-17.200000000000017
12.799999999999955
-8.200000000000017
0.7999999999999545
-9.200000000000017
31.799999999999955
-35.099999999999994
-37.19999999999999
-31.200000000000017
11
4
6.399999999999977
-11.400000000000006
13.600000000000023
20.499999999999993
14.0
-33.39999999999998
6.2999999999999545
